# ProgAssmt2
>  H <- matrix (c(7,3,15,19,11,20,100,31,33,40,60,23,9,44,90,8), nrow=4, ncol=4)
> H
     [,1] [,2] [,3] [,4]
[1,]    7   11   33    9
[2,]    3   20   40   44
[3,]   15  100   60   90
[4,]   19   31   23    8
> solve (H)
            [,1]        [,2]         [,3]        [,4]
[1,] -0.10147468  0.07878037 -0.037924574  0.10751843
[2,]  0.03603590 -0.05165146  0.023771606 -0.02388795
[3,]  0.05637314 -0.01413484  0.003141243 -0.02101716
[4,] -0.06070954  0.05368367 -0.011075184  0.02263387
>

